SanJose:(37.38305013,-121.8734782)
SantaCruz:(36.97166614,-121.991551)
NewportBeach:(33.65007216,-117.9251851)
Napa:(38.31414354,-122.285035)
SantaMonica:(34.02435426,-118.488305)
LongBeach:(33.77162218,-118.1838742)
Fresno:(36.74785392,-119.7860817)
Monterey:(36.6031124,-121.8903941)
SantaBarbara:(34.41997097,-119.7064646)
PalmSprings:(33.86149944,-116.5404464)
Sacramento:(38.60639903,-121.485935)
Anaheim:(33.84672434,-117.911662)
SanDiego:(32.72922525,-117.1595282)
LosAngeles:(34.05565325,-118.2406421)
SanFrancisco:(37.77274227,-122.4224028)
Eureka:(40.80347708,-124.1635777)
SouthLakeTahoe:(38.93659253,-119.9760937)
Yosemite:(37.81744769,-119.5524652)